956.837488109
968.495371614
1070.88041811
1112.78532891
1146.36424147
1201.92090811
1272.95801811
1436.02134811
1539.03053811
1638.09894811
1725.13097811
1853.18955811
1981.24813811
1995.52089685
2021.21347805
2084.25732811
2187.26651811
2236.50817556
2242.08907747
2270.96490184
2300.35057811
2305.34297093
2372.17672662
2380.26361656
2413.43463811
2478.83331087
2560.50304811
2695.14886333
2707.57145811
2794.60348811
2810.58064811
2907.68754811
2911.62832811
3020.77160811
3038.32654583
3067.72943811
3134.81453811
3176.40776388
3190.50745684
3204.78834811
3231.86729811
3320.31184292
3334.87648811
3360.88945811
3409.4872801
3449.90342811
3491.92994811
3580.94391811
3588.98270811
3709.00249811
3717.04128811
3856.07090811
3880.10461811
3970.11383811
4008.19957811
4027.13529811
4107.26798811
4108.66423257
4164.19420811
4235.36294811
4278.23713811
4348.44700811
4350.82922074
4391.32119811
4462.48993811
4519.41615811
4599.54884811
4616.46891811
4662.5684655
4712.63290811
4772.57002811
4840.72786811
4909.62893811
4954.77079811
5037.68751811
5140.85010811
5165.78247811
5279.82540811
5326.92941811
5366.85743811
5429.93860811
