3750.37110849
3807.39256849
3936.43515849
4039.44434849
4110.48145849
4181.51856849
4309.57714849
4406.62990849
4535.67249849
4638.68168849
4741.69087849
4904.75420849
5060.85531849
5173.93937849
5276.94856849
5333.97002849
5448.99696849
5612.06029849
5749.11920849
5912.18253849
6011.25094849
6068.27240849
6196.36736849
6352.46847849
6439.50050849
6552.58456849
6649.63732849
6750.68500849
6881.72549849
6968.75752849
7055.78955849
7112.81101849
7183.84812849
7240.86958849
7353.95364849
7491.01255849
7622.05304849
7769.12145849
7870.16913849
8056.24844849
8185.29103849
8286.33871849
8383.39147849
8511.45005849
8697.52936849
8811.57229849
8942.61278849
9056.65571849
9242.73502849
9379.79393849
9492.87799849
9620.93657849
9677.95803849
9779.00571849
9850.04282849
9964.08575849
10078.1286885
10192.1716185
10321.2142085
10452.2546985
10580.3132785
10727.3816885
10883.4827985
10996.5668585
11067.6039685
11182.6309085
11279.6836685
11336.7051285
11499.7684585
11655.8695685
11783.9645285
11897.0485885
12011.0915185
12110.1599285
12273.2232585
12386.3073185
12501.3342585
12687.4135685
12834.4819785
13020.5612885
13123.5704785
13237.6134085
13308.6505185
13464.7516285
13650.8309385
13836.9102485
13935.9786585
14023.0106885
14179.1117985
14307.2067585
14421.2496885
14520.3180985
14634.3610285
14721.3930585
14834.4771185
14962.5356985
15099.5946085
15170.6317185
15298.7266785
