13953.6389577
1225.65023884
1353.70881884
1362.70914884
1410.73027884
1491.75173884
1509.79868884
1623.84161884
1654.81506884
1741.84709884
1752.88420884
1854.93115884
1881.92679884
2011.03226884
2038.02790884
2139.09084884
2153.05484884
2226.12287884
2281.14980884
2354.21783884
2437.25091884
2467.30189884
2508.28802884
2538.33900884
2607.35643884
2667.38159884
2738.39692884
2796.42418884
2841.40611884
2924.48276884
2978.46502884
3037.56682884
3093.49196884
3124.59885884
3164.52907884
3252.65743884
3350.60838884
3383.69792884
3463.69244884
3498.72486884
3576.77650884
3626.81982884
3690.81943884
3757.86031884
3793.82862884
3886.90290884
3921.88720884
3973.93493884
4024.89639884
4102.97752884
4187.95972884
4190.00955884
4258.99683884
4303.09361884
4360.04451884
4400.14637884
4474.08744884
4513.23043884
4588.13037884
4669.33154884
4701.21443884
4726.35300884
4798.26719884
4855.39559884
4935.32610884
4954.46400884
5006.36321884
5068.50693884
5120.40614884
5177.42760884
5197.54952884
5305.52256884
5312.57646884
5440.63504884
5452.59097884
5497.65650884
5553.63865884
5594.70926884
5690.69756884
5741.77767884
5837.76597884
5854.86173884
5957.87092884
5993.86708884
6072.89786884
6130.92599884
6258.97717884
6277.99440884
6360.02485884
6379.04208884
6457.07761884
6542.10541884
6585.17257884
6613.14252884
6700.17455884
6700.19951884
6771.23662884
6863.23788884
6934.29995884
7019.33899884
7090.40106884
7182.40232884
7253.43943884
7253.46439884
7340.49642884
7368.46637884
7411.53353884
7496.56133884
7574.59686884
7593.61409884
7675.64454884
7694.66177884
7822.71295884
7880.74108884
7959.77186884
7995.76802884
8098.77721884
8115.87297884
8211.86127884
8262.94138884
8358.92968884
8400.00029884
8455.98244884
8501.04797884
8513.00390884
8641.06248884
8648.11638884
8756.08942884
8776.21134884
8833.23280884
8885.13201884
8947.27573884
8999.17494884
9018.31284884
9098.24335884
9155.37175884
9227.28594884
9252.42451884
9284.30740884
9365.50857884
9440.40851884
9479.55150884
9553.49257884
9593.59443884
9650.54533884
9694.64211884
9763.62939884
9765.67922884
9850.66142884
9928.74255884
9979.70401884
10031.7517488
10066.7360488
10159.8103288
10195.7786388
10262.8195188
10326.8191288
10376.8624488
10454.9140888
10489.9465088
10569.9410288
10603.0305688
10700.9815188
10789.1098788
10829.0400988
10860.1469888
10916.0721288
10975.1739288
11029.1561888
11112.2328388
11157.2147688
11215.2420288
11286.2573588
11346.2825188
11415.2999488
11445.3509288
11486.3370588
11516.3880388
11599.4211188
11672.4891488
11727.5160788
11800.5841088
11814.5481088
11915.6110488
11942.6066888
12071.7121588
12098.7077988
12200.7547488
12211.7918588
12298.8238888
12329.7973388
12443.8402688
12461.8872188
12542.9086788
12590.9298088
12599.9301388
12727.9887188
